40049
40080
32064
32113
33907
34076
32065
32114
36714
33902
34072
40520
40522
33903
32066
32115
33905
34074
33906
34075
33788
33821
33853
34427
34429
35225
35227
36555
36557
41941
41943
42132
42133
33941
34202
40833
40931
33942
34203
34166
34364
35656
32068
32117
32868
33776
33778
34601
32071
32120
33910
36982
37329
38459
38648
42672
42801
37424
37571
36756
37188
37354
37539
38045
36746
40057
40083
38552
38857
32662
32755
33780
33782
33997
33999
35295
35297
32073
32122
33918
32075
32124
33961
34218
34607
34604
32097
34600
34606
34617
35104
34959
32661
32869
35371
40517
32099
32245
30748